00 5.9251e-07 5.9610e-03 1.3549e+01
01 4.3668e-07 6.3218e-03 3.4926e+01
02 4.9777e-07 6.2493e-03 5.6504e+01
03 5.4046e-07 6.1577e-03 7.6224e+01
04 3.3235e-07 6.5437e-03 9.7708e+01
05 6.0939e-07 5.9967e-03 1.1953e+02
06 5.2575e-07 6.2171e-03 1.3995e+02
07 5.7334e-07 6.0906e-03 1.6164e+02
08 5.3000e-07 6.2423e-03 1.8309e+02
09 3.6176e-07 6.5426e-03 2.0296e+02
10 4.8143e-07 6.2645e-03 2.2469e+02
11 4.3809e-07 6.4253e-03 2.4625e+02
12 3.2963e-07 6.5832e-03 2.6665e+02
13 4.5236e-07 6.3351e-03 2.8836e+02
14 4.1152e-07 6.4886e-03 3.0991e+02
15 5.8478e-07 6.0876e-03 3.3021e+02
16 3.2048e-07 6.6245e-03 3.5168e+02
17 4.9777e-07 6.2493e-03 3.7350e+02
18 4.8143e-07 6.2645e-03 3.9369e+02
19 3.5544e-07 6.6188e-03 4.1517e+02
20 3.4618e-07 6.5766e-03 4.3691e+02
21 4.2110e-07 6.4147e-03 4.5717e+02
22 2.5003e-07 6.7660e-03 4.7865e+02
23 5.3828e-07 6.2028e-03 5.0055e+02
24 2.7061e-07 6.7081e-03 5.2068e+02
25 3.0448e-07 6.6549e-03 5.4232e+02
26 3.0371e-07 6.7085e-03 5.6401e+02
27 3.5544e-07 6.6188e-03 5.8417e+02
28 3.4891e-07 6.6050e-03 6.0590e+02
29 3.2963e-07 6.5832e-03 6.2765e+02
30 2.1278e-07 6.7922e-03 6.4786e+02
31 2.9119e-07 6.7499e-03 6.6944e+02
32 2.4567e-07 6.8065e-03 6.9119e+02
33 3.9410e-07 6.4924e-03 7.1156e+02
34 2.8988e-07 6.7616e-03 7.3313e+02
35 2.8629e-07 6.7440e-03 7.5486e+02
36 2.3043e-07 6.8105e-03 7.7499e+02
37 8.6355e-08 7.1066e-03 7.9659e+02
38 9.2236e-08 7.2032e-03 8.1825e+02
39 6.3596e-08 7.1915e-03 8.3862e+02
40 1.7042e-07 6.9351e-03 8.6049e+02
41 1.7641e-07 6.9795e-03 8.8217e+02
42 6.2942e-08 7.1702e-03 9.0246e+02
43 5.0855e-08 7.2198e-03 9.2413e+02
44 -3.8114e-08 7.2044e-03 9.4584e+02
45 4.8024e-08 7.0853e-03 9.6641e+02
46 -9.6918e-08 7.3968e-03 9.8814e+02
47 -1.1434e-08 7.2971e-03 1.0099e+03
48 -7.1328e-08 7.4645e-03 1.0298e+03
49 -8.6355e-08 7.4590e-03 1.0516e+03
50 -1.3547e-07 7.5614e-03 1.0733e+03
51 2.6135e-08 7.4806e-03 1.0937e+03
52 -8.0693e-08 7.3976e-03 1.1154e+03
53 -1.2741e-07 7.5721e-03 1.1371e+03
54 -4.7152e-08 7.2975e-03 1.1576e+03
55 -8.5375e-08 7.4140e-03 1.1792e+03
56 -1.1739e-07 7.4838e-03 1.2009e+03
57 -1.8534e-07 7.6451e-03 1.2213e+03
58 -2.1431e-07 7.6906e-03 1.2430e+03
59 -3.2626e-07 7.9687e-03 1.2646e+03
60 -2.8085e-07 7.8105e-03 1.2849e+03
61 -1.4015e-07 7.4646e-03 1.3067e+03
62 -2.9914e-07 7.9021e-03 1.3282e+03
63 -3.1678e-07 7.8657e-03 1.3486e+03
64 -3.4618e-07 7.9890e-03 1.3702e+03
65 -3.9344e-07 8.0900e-03 1.3919e+03
66 -3.1471e-07 7.8683e-03 1.4122e+03
67 -4.0749e-07 7.9806e-03 1.4339e+03
68 -3.3235e-07 7.8997e-03 1.4556e+03
69 -4.1708e-07 8.0997e-03 1.4759e+03
70 -4.4778e-07 8.1578e-03 1.4976e+03
71 -4.2372e-07 8.2060e-03 1.5192e+03
72 -4.3668e-07 8.1035e-03 1.5394e+03
73 -5.2292e-07 8.3654e-03 1.5609e+03
74 -4.4778e-07 8.1578e-03 1.5826e+03
75 -3.5903e-07 7.9790e-03 1.6032e+03
76 -4.5911e-07 8.1628e-03 1.6249e+03
77 -4.6575e-07 8.1424e-03 1.6466e+03
78 -5.1399e-07 8.3200e-03 1.6663e+03
79 -5.7280e-07 8.4491e-03 1.6879e+03
80 -6.0590e-07 8.4306e-03 1.7096e+03
81 -4.2165e-07 8.0955e-03 1.7302e+03
82 -4.3112e-07 8.0673e-03 1.7518e+03
83 -6.4739e-07 8.6487e-03 1.7732e+03
84 -6.9955e-07 8.6850e-03 1.7932e+03
85 -6.1984e-07 8.4771e-03 1.8148e+03
86 -4.6575e-07 8.1424e-03 1.8366e+03
87 -7.2046e-07 8.7729e-03 1.8568e+03
88 -6.0590e-07 8.4306e-03 1.8786e+03
89 -5.0202e-07 8.2866e-03 1.9002e+03
90 -7.2046e-07 8.7729e-03 1.9198e+03
91 -6.0590e-07 8.4306e-03 1.9416e+03
92 -4.2851e-07 8.1162e-03 1.9632e+03
93 -4.5018e-07 8.1401e-03 1.9836e+03
94 -5.7410e-07 8.5015e-03 2.0049e+03
95 -8.2766e-07 8.8078e-03 2.0265e+03
