00 4.6935e-07 5.6534e-03 1.4445e+01
01 3.7243e-07 5.9371e-03 3.5781e+01
02 5.0180e-07 5.7003e-03 5.7431e+01
03 5.2924e-07 5.6217e-03 7.7179e+01
04 3.9312e-07 5.9718e-03 9.8560e+01
05 4.7697e-07 5.7872e-03 1.2032e+02
06 4.5976e-07 5.8087e-03 1.4081e+02
07 5.6169e-07 5.6234e-03 1.6245e+02
08 4.4278e-07 5.9881e-03 1.8377e+02
09 4.7555e-07 5.8873e-03 2.0379e+02
10 5.6354e-07 5.5676e-03 2.2566e+02
11 4.7022e-07 5.9457e-03 2.4701e+02
12 5.0692e-07 5.7238e-03 2.6762e+02
13 4.7022e-07 5.9457e-03 2.8901e+02
14 5.2543e-07 5.7675e-03 3.1082e+02
15 2.9119e-07 6.3155e-03 3.3070e+02
16 5.0975e-07 5.7814e-03 3.5259e+02
17 3.8223e-07 6.2293e-03 3.7394e+02
18 4.5573e-07 5.9911e-03 3.9426e+02
19 3.6818e-07 6.2059e-03 4.1587e+02
20 5.1835e-07 5.9245e-03 4.3757e+02
21 3.4597e-07 6.2196e-03 4.5771e+02
22 2.5569e-07 6.4693e-03 4.7920e+02
23 3.8223e-07 6.2293e-03 5.0094e+02
24 2.9500e-07 6.3914e-03 5.2119e+02
25 2.4099e-07 6.5604e-03 5.4272e+02
26 3.5696e-07 6.2854e-03 5.6454e+02
27 3.4956e-07 6.3457e-03 5.8469e+02
28 1.7826e-07 6.6658e-03 6.0623e+02
29 2.1583e-07 6.6411e-03 6.2791e+02
30 2.1366e-07 6.6456e-03 6.4816e+02
31 1.8730e-07 6.7536e-03 6.6975e+02
32 2.6222e-07 6.5737e-03 6.9156e+02
33 9.7136e-08 6.9150e-03 7.1166e+02
34 2.9794e-07 6.5415e-03 7.3350e+02
35 1.2077e-07 6.9505e-03 7.5502e+02
36 1.9514e-07 6.7739e-03 7.7519e+02
37 1.4919e-07 6.8450e-03 7.9685e+02
38 1.2741e-07 6.9573e-03 8.1849e+02
39 4.9221e-08 7.0761e-03 8.3887e+02
40 3.8114e-08 7.0489e-03 8.6062e+02
41 1.1739e-07 7.0049e-03 8.8230e+02
42 1.0868e-07 7.0136e-03 9.0262e+02
43 7.9277e-08 7.1052e-03 9.2427e+02
44 -3.8114e-08 7.2044e-03 9.4584e+02
45 3.3214e-08 7.0567e-03 9.6650e+02
46 1.1739e-07 7.0049e-03 9.8830e+02
47 5.4122e-08 7.1543e-03 1.0100e+03
48 -7.1328e-08 7.4645e-03 1.0298e+03
49 -3.9203e-08 7.3198e-03 1.0516e+03
50 -1.0008e-07 7.5322e-03 1.0732e+03
51 1.3786e-07 7.2934e-03 1.0937e+03
52 -7.0456e-08 7.4989e-03 1.1153e+03
53 -1.7249e-07 7.7591e-03 1.1369e+03
54 -1.8153e-07 7.7165e-03 1.1573e+03
55 -1.7924e-07 7.7412e-03 1.1790e+03
56 -1.5779e-07 7.7223e-03 1.2006e+03
57 -1.7336e-07 7.7292e-03 1.2211e+03
58 -1.0563e-07 7.5549e-03 1.2429e+03
59 -1.8327e-07 7.6929e-03 1.2646e+03
60 -2.9598e-07 7.9839e-03 1.2846e+03
61 -2.8335e-07 7.9943e-03 1.3062e+03
62 -3.2996e-07 8.1256e-03 1.3279e+03
63 -4.2372e-07 8.3010e-03 1.3482e+03
64 -4.0553e-07 8.2752e-03 1.3699e+03
65 -2.9021e-07 8.1282e-03 1.3916e+03
66 -2.5950e-07 7.9841e-03 1.4119e+03
67 -1.5779e-07 7.7223e-03 1.4336e+03
68 -3.2114e-07 8.1461e-03 1.4551e+03
69 -3.5283e-07 8.2175e-03 1.4756e+03
70 -4.5116e-07 8.3887e-03 1.4972e+03
71 -3.6012e-07 8.2754e-03 1.5189e+03
72 -4.1000e-07 8.3590e-03 1.5389e+03
73 -4.2067e-07 8.3627e-03 1.5605e+03
74 -3.8310e-07 8.2974e-03 1.5821e+03
75 -5.0877e-07 8.6578e-03 1.6025e+03
76 -4.9461e-07 8.6832e-03 1.6241e+03
77 -4.7163e-07 8.6567e-03 1.6458e+03
78 -4.4920e-07 8.4978e-03 1.6658e+03
79 -2.3544e-07 8.0323e-03 1.6876e+03
80 -6.1157e-07 8.9399e-03 1.7087e+03
81 -3.7929e-07 8.3823e-03 1.7296e+03
82 -3.7951e-07 8.3737e-03 1.7512e+03
83 -5.1552e-07 8.8299e-03 1.7725e+03
84 -4.6216e-07 8.5356e-03 1.7927e+03
85 -5.6539e-07 8.8276e-03 1.8141e+03
86 -4.7163e-07 8.6567e-03 1.8358e+03
87 -5.3033e-07 8.8782e-03 1.8561e+03
88 -4.0771e-07 8.5783e-03 1.8778e+03
89 -5.4416e-07 8.9268e-03 1.8993e+03
90 -5.3033e-07 8.8782e-03 1.9191e+03
91 -4.0771e-07 8.5783e-03 1.9408e+03
92 -6.4064e-07 9.0875e-03 1.9621e+03
93 -5.8369e-07 8.9645e-03 1.9826e+03
94 -4.8601e-07 8.8625e-03 2.0041e+03
95 -7.8909e-07 9.3442e-03 2.0255e+03
