00 9.2791e-07 4.1772e-03 1.9589e+01
01 7.7589e-07 4.2068e-03 4.0868e+01
02 2.7170e-07 5.1086e-03 6.2157e+01
03 6.3487e-07 4.5510e-03 8.1968e+01
04 2.5014e-07 5.3291e-03 1.0302e+02
05 3.1079e-07 5.0538e-03 1.2485e+02
06 6.5447e-07 5.1852e-03 1.4506e+02
07 8.3502e-07 4.3147e-03 1.6691e+02
08 4.1043e-07 5.0926e-03 1.8802e+02
09 2.2825e-07 5.3353e-03 2.0787e+02
10 6.9008e-07 4.7031e-03 2.2962e+02
11 5.5962e-07 4.8833e-03 2.5107e+02
12 9.2443e-07 4.9264e-03 2.7132e+02
13 8.3317e-07 4.9180e-03 2.9285e+02
14 3.5174e-07 5.3911e-03 3.1423e+02
15 3.5174e-07 5.3911e-03 3.3423e+02
16 5.7116e-07 5.0769e-03 3.5587e+02
17 3.3900e-07 5.5732e-03 3.7730e+02
18 6.7418e-07 5.6360e-03 3.9730e+02
19 7.4213e-07 5.5743e-03 4.1874e+02
20 3.0088e-07 5.7233e-03 4.4045e+02
21 4.5388e-07 5.3999e-03 4.6065e+02
22 5.3479e-07 5.1375e-03 4.8237e+02
23 1.6661e-07 6.0176e-03 5.0357e+02
24 1.6977e-07 7.0813e-03 5.2346e+02
25 7.1142e-07 5.6369e-03 5.4524e+02
26 3.4107e-07 5.8110e-03 5.6683e+02
27 4.0401e-07 5.7369e-03 5.8698e+02
28 4.3591e-07 5.5836e-03 6.0866e+02
29 2.0386e-07 6.2176e-03 6.2996e+02
30 9.5829e-08 7.5194e-03 6.4963e+02
31 5.6300e-07 6.1456e-03 6.7150e+02
32 1.5866e-07 6.4433e-03 6.9301e+02
33 3.9203e-07 5.8699e-03 7.1359e+02
34 3.4107e-07 6.0599e-03 7.3499e+02
35 1.8632e-07 6.4412e-03 7.5649e+02
36 4.0172e-07 6.9520e-03 7.7627e+02
37 5.2565e-07 6.3870e-03 7.9787e+02
38 1.3307e-07 6.6878e-03 8.1954e+02
39 1.7826e-07 6.5526e-03 8.3993e+02
40 -1.0182e-07 7.1421e-03 8.6129e+02
41 1.0890e-09 7.0430e-03 8.8289e+02
42 4.3755e-07 7.0531e-03 9.0304e+02
43 5.3893e-07 6.4413e-03 9.2484e+02
44 -5.3686e-08 7.2068e-03 9.4588e+02
45 1.3198e-07 6.7896e-03 9.6677e+02
46 1.6541e-07 6.7372e-03 9.8857e+02
47 7.7008e-08 7.1037e-03 1.0100e+03
48 -6.8387e-08 7.3703e-03 1.0298e+03
49 2.1344e-08 7.2415e-03 1.0515e+03
50 -6.6536e-08 7.5136e-03 1.0730e+03
51 1.4200e-07 7.2171e-03 1.0937e+03
52 5.1584e-07 6.5065e-03 1.1151e+03
53 1.7750e-08 7.4004e-03 1.1366e+03
54 6.8387e-08 7.3582e-03 1.1567e+03
55 2.4284e-07 7.1064e-03 1.1784e+03
56 -1.9612e-07 7.8458e-03 1.1998e+03
57 4.3624e-07 7.2956e-03 1.2202e+03
58 2.4948e-07 7.4616e-03 1.2417e+03
59 -2.4066e-07 8.1290e-03 1.2632e+03
60 3.6001e-07 7.5959e-03 1.2833e+03
61 2.9511e-07 7.4704e-03 1.3049e+03
62 -1.3743e-07 7.9591e-03 1.3266e+03
63 1.4091e-07 8.1922e-03 1.3465e+03
64 2.0364e-07 7.8244e-03 1.3683e+03
65 -2.4055e-07 8.2939e-03 1.3899e+03
66 2.7115e-07 7.9310e-03 1.4099e+03
67 1.3547e-07 8.3933e-03 1.4314e+03
68 -2.6680e-07 8.5307e-03 1.4528e+03
69 -1.2991e-07 9.1632e-03 1.4731e+03
70 1.7750e-07 8.3981e-03 1.4947e+03
71 -5.0909e-07 9.1404e-03 1.5162e+03
72 1.4799e-07 8.2705e-03 1.5364e+03
73 -1.6923e-07 9.4131e-03 1.5575e+03
74 -4.8568e-07 9.1582e-03 1.5792e+03
75 -1.5322e-07 9.5003e-03 1.5995e+03
76 -7.6446e-08 9.1107e-03 1.6212e+03
77 -5.2412e-07 9.3113e-03 1.6427e+03
78 9.9096e-09 9.0861e-03 1.6624e+03
79 1.2469e-07 9.0375e-03 1.6839e+03
80 -4.2797e-07 9.1672e-03 1.7055e+03
81 4.0510e-08 9.0893e-03 1.7257e+03
82 1.6770e-07 8.8163e-03 1.7474e+03
83 -5.2325e-07 9.4996e-03 1.7688e+03
84 -3.8266e-07 1.0161e-02 1.7885e+03
85 -1.5594e-07 9.7299e-03 1.8099e+03
86 -5.4557e-07 9.6243e-03 1.8316e+03
87 -7.4703e-08 9.5280e-03 1.8520e+03
88 -2.7464e-07 1.0225e-02 1.8731e+03
89 -4.8111e-07 9.7416e-03 1.8949e+03
90 -5.3991e-07 1.0780e-02 1.9144e+03
91 4.8132e-08 9.4584e-03 1.9361e+03
92 -5.5483e-07 9.8717e-03 1.9575e+03
93 -3.2734e-07 1.0437e-02 1.9775e+03
94 -2.1627e-07 1.0296e-02 1.9990e+03
95 -5.4902e-07 9.9792e-03 2.0206e+03
