00 1.2280e-06 -2.5527e-03 2.2489e+01
01 2.0054e-20 -1.6406e-17 4.3000e+01
02 1.2354e-06 -2.3424e-03 6.5020e+01
03 1.2432e-06 -2.3677e-03 8.5001e+01
04 7.2436e-07 -1.3953e-03 1.0621e+02
05 9.3015e-07 -1.5589e-03 1.2754e+02
06 1.1084e-06 -1.9126e-03 1.4786e+02
07 6.5146e-07 -9.9370e-04 1.6925e+02
08 6.1443e-07 -6.3674e-04 1.9012e+02
09 7.4498e-07 -9.0763e-04 2.1036e+02
10 7.5230e-07 -1.0974e-03 2.3228e+02
11 6.3919e-07 -3.4193e-04 2.5296e+02
12 9.7136e-07 -1.2531e-03 2.7372e+02
13 6.1745e-07 -6.4873e-04 2.9510e+02
14 1.3955e-07 9.3018e-04 3.1561e+02
15 7.3820e-07 -9.7710e-04 3.3724e+02
16 7.2436e-07 -3.9533e-04 3.5801e+02
17 1.1366e-06 -1.7454e-03 3.8060e+02
18 6.6351e-07 -6.3636e-04 4.0002e+02
19 6.4380e-07 -1.5045e-04 4.2095e+02
20 1.0425e-06 -1.2990e-03 4.4333e+02
21 7.4729e-07 -3.9520e-04 4.6299e+02
22 4.0349e-07 4.2267e-04 4.8423e+02
23 4.9205e-07 3.7081e-04 5.0559e+02
24 4.4484e-07 3.4365e-04 5.2584e+02
25 3.7047e-07 7.5103e-04 5.4696e+02
26 6.1321e-07 2.2987e-04 5.6876e+02
27 3.6480e-07 8.7992e-04 5.8876e+02
28 7.8584e-07 -1.8579e-04 6.1092e+02
29 1.9576e-07 1.4344e-03 6.3157e+02
30 3.5206e-07 1.0442e-03 6.5178e+02
31 2.7061e-07 1.3145e-03 6.7319e+02
32 9.7345e-08 1.7921e-03 6.9446e+02
33 4.0735e-07 1.1134e-03 7.1521e+02
34 2.5074e-07 1.4778e-03 7.3661e+02
35 1.4658e-07 1.8809e-03 7.5789e+02
36 1.1772e-07 1.9205e-03 7.7778e+02
37 5.7499e-07 1.0093e-03 7.9968e+02
38 6.5701e-08 2.2411e-03 8.2072e+02
39 3.2850e-07 1.5753e-03 8.4154e+02
40 3.6136e-08 2.2965e-03 8.6285e+02
41 2.1371e-07 1.9176e-03 8.8460e+02
42 1.1892e-07 2.2325e-03 9.0450e+02
43 2.0922e-08 2.5267e-03 9.2592e+02
44 5.3714e-08 2.6217e-03 9.4717e+02
45 -1.3121e-07 2.8795e-03 9.6805e+02
46 2.5322e-08 2.5689e-03 9.8990e+02
47 -4.6051e-08 3.1672e-03 1.0109e+03
48 2.5873e-08 2.8099e-03 1.0314e+03
49 1.4673e-07 2.5622e-03 1.0532e+03
50 -5.1795e-08 3.0009e-03 1.0746e+03
51 1.0074e-07 2.7870e-03 1.0947e+03
52 -4.7093e-08 3.2121e-03 1.1159e+03
53 -6.3766e-08 3.3503e-03 1.1375e+03
54 -4.8291e-08 3.3141e-03 1.1575e+03
55 -7.0241e-08 3.3938e-03 1.1791e+03
56 -7.1813e-08 3.4383e-03 1.2006e+03
57 -1.1904e-07 3.5993e-03 1.2211e+03
58 -2.0514e-07 3.9094e-03 1.2424e+03
59 -2.1353e-07 3.9781e-03 1.2640e+03
60 -3.5609e-07 4.3690e-03 1.2838e+03
61 -2.2148e-07 4.1077e-03 1.3054e+03
62 -3.9278e-07 4.5056e-03 1.3268e+03
63 -6.9258e-08 3.8932e-03 1.3475e+03
64 -3.4485e-07 4.5852e-03 1.3687e+03
65 -1.8068e-07 4.2422e-03 1.3905e+03
66 -4.0793e-07 4.8095e-03 1.4102e+03
67 -4.2252e-07 4.8936e-03 1.4317e+03
68 -3.8654e-07 4.8652e-03 1.4532e+03
69 -2.4632e-07 4.6292e-03 1.4738e+03
70 -4.9130e-07 5.2560e-03 1.4951e+03
71 -5.8802e-07 5.4831e-03 1.5165e+03
72 -5.2521e-07 5.3902e-03 1.5365e+03
73 -4.6728e-07 5.3401e-03 1.5579e+03
74 -5.2114e-07 5.4654e-03 1.5794e+03
75 -4.9221e-07 5.4611e-03 1.6000e+03
76 -3.3453e-07 5.2164e-03 1.6216e+03
77 -6.5093e-07 6.0401e-03 1.6427e+03
78 -4.1904e-07 5.5290e-03 1.6626e+03
79 -5.8576e-07 5.9121e-03 1.6840e+03
80 -5.2753e-07 5.9218e-03 1.7054e+03
81 -6.6514e-07 6.2347e-03 1.7258e+03
82 -6.0873e-07 6.2056e-03 1.7473e+03
83 -5.8912e-07 6.2240e-03 1.7687e+03
84 -5.3621e-07 6.0984e-03 1.7886e+03
85 -6.2997e-07 6.4005e-03 1.8099e+03
86 -7.3967e-07 6.7771e-03 1.8312e+03
87 -6.3030e-07 6.4080e-03 1.8520e+03
88 -6.3313e-07 6.6581e-03 1.8732e+03
89 -6.1321e-07 6.6095e-03 1.8947e+03
90 -4.6042e-07 6.2198e-03 1.9146e+03
91 -6.5197e-07 6.8255e-03 1.9357e+03
92 -6.4233e-07 6.7676e-03 1.9572e+03
93 -5.5940e-07 6.6910e-03 1.9775e+03
94 -7.4224e-07 7.2382e-03 1.9986e+03
95 -6.3401e-07 7.1217e-03 2.0202e+03
