00 5.2292e-07 6.2319e-03 1.3251e+01
01 4.6684e-07 6.3621e-03 3.4745e+01
02 6.1539e-07 6.0525e-03 5.6475e+01
03 4.7615e-07 6.3541e-03 7.5998e+01
04 4.1772e-07 6.4505e-03 9.7521e+01
05 4.9288e-07 6.3556e-03 1.1916e+02
06 4.6684e-07 6.3621e-03 1.3975e+02
07 5.3588e-07 6.2484e-03 1.6137e+02
08 5.1006e-07 6.2728e-03 1.8293e+02
09 6.6084e-07 5.9556e-03 2.0299e+02
10 4.8625e-07 6.3655e-03 2.2443e+02
11 7.0919e-07 5.8868e-03 2.4627e+02
12 5.3828e-07 6.2028e-03 2.6655e+02
13 4.7098e-07 6.4035e-03 2.8809e+02
14 5.8581e-07 6.1477e-03 3.0986e+02
15 5.1006e-07 6.2728e-03 3.2993e+02
16 3.6289e-07 6.5465e-03 3.5152e+02
17 3.9910e-07 6.5519e-03 3.7315e+02
18 4.9777e-07 6.2493e-03 3.9350e+02
19 4.0749e-07 6.5488e-03 4.1495e+02
20 3.8236e-07 6.5588e-03 4.3668e+02
21 4.1699e-07 6.4400e-03 4.5693e+02
22 3.6289e-07 6.5465e-03 4.7852e+02
23 3.3883e-07 6.6618e-03 5.0014e+02
24 4.0967e-07 6.4312e-03 5.2058e+02
25 5.0724e-07 6.3182e-03 5.4219e+02
26 3.8597e-07 6.5873e-03 5.6376e+02
27 3.4413e-07 6.6264e-03 5.8394e+02
28 2.3086e-07 6.8151e-03 6.0557e+02
29 3.4163e-07 6.6278e-03 6.2734e+02
30 3.1678e-07 6.5732e-03 6.4766e+02
31 2.0756e-07 6.8617e-03 6.6920e+02
32 2.2870e-07 6.8376e-03 6.9093e+02
33 1.8917e-07 6.9765e-03 7.1107e+02
34 1.9335e-07 6.8691e-03 7.3292e+02
35 1.2332e-07 6.9758e-03 7.5461e+02
36 1.3351e-07 6.9675e-03 7.7469e+02
37 1.3917e-07 6.9695e-03 7.9640e+02
38 1.2048e-07 7.0807e-03 8.1809e+02
39 4.1905e-08 7.1688e-03 8.3838e+02
40 2.0713e-07 6.8645e-03 8.6020e+02
41 1.1015e-07 7.0420e-03 8.8191e+02
42 1.1739e-07 7.0049e-03 9.0230e+02
43 8.5375e-08 7.0657e-03 9.2399e+02
44 -6.4254e-08 7.2306e-03 9.4555e+02
45 -2.1460e-07 7.5263e-03 9.6600e+02
46 -5.5064e-08 7.2442e-03 9.8797e+02
47 2.7375e-08 7.1712e-03 1.0097e+03
48 6.5044e-08 6.9929e-03 1.0298e+03
49 -3.6133e-19 7.1786e-03 1.0514e+03
50 -2.3599e-08 7.3241e-03 1.0730e+03
51 -1.7959e-08 7.5763e-03 1.0933e+03
52 -9.6918e-08 7.3968e-03 1.1151e+03
53 -8.6205e-08 7.3664e-03 1.1369e+03
54 -1.7151e-07 7.5603e-03 1.1572e+03
55 -2.8585e-07 7.7302e-03 1.1789e+03
56 -2.3591e-07 7.6684e-03 1.2006e+03
57 -4.0749e-07 7.9806e-03 1.2209e+03
58 -3.1950e-07 7.8373e-03 1.2426e+03
59 -3.0228e-07 7.8436e-03 1.2644e+03
60 -1.8730e-07 7.5178e-03 1.2847e+03
61 -3.4705e-07 7.8460e-03 1.3062e+03
62 -4.0184e-07 7.9667e-03 1.3279e+03
63 -2.4251e-07 7.6825e-03 1.3483e+03
64 -2.8760e-07 7.7926e-03 1.3700e+03
65 -3.0950e-07 7.7674e-03 1.3918e+03
66 -3.8778e-07 7.8838e-03 1.4119e+03
67 -2.7845e-07 7.6608e-03 1.4336e+03
68 -2.8641e-07 7.6966e-03 1.4553e+03
69 -4.0292e-07 7.9713e-03 1.4756e+03
70 -4.4267e-07 8.0772e-03 1.4973e+03
71 -3.3836e-07 7.8226e-03 1.5191e+03
72 -5.0637e-07 8.1235e-03 1.5390e+03
73 -5.0659e-07 8.1692e-03 1.5606e+03
74 -4.9996e-07 8.1143e-03 1.5823e+03
75 -5.1486e-07 8.1182e-03 1.6029e+03
76 -4.1882e-07 7.9268e-03 1.6246e+03
77 -4.3214e-07 7.9829e-03 1.6463e+03
78 -7.4409e-07 8.6424e-03 1.6658e+03
79 -5.5374e-07 8.2224e-03 1.6876e+03
80 -4.9996e-07 8.1143e-03 1.7093e+03
81 -4.7512e-07 8.0122e-03 1.7299e+03
82 -6.1908e-07 8.4236e-03 1.7512e+03
83 -8.0874e-07 8.7902e-03 1.7728e+03
84 -6.5610e-07 8.4584e-03 1.7929e+03
85 -5.5211e-07 8.1806e-03 1.8146e+03
86 -5.0005e-07 8.0789e-03 1.8362e+03
87 -5.0659e-07 8.1692e-03 1.8566e+03
88 -6.2953e-07 8.3996e-03 1.8782e+03
89 -5.9663e-07 8.2674e-03 1.8998e+03
90 -5.5374e-07 8.2224e-03 1.9196e+03
91 -5.0016e-07 8.0905e-03 1.9413e+03
92 -4.9875e-07 8.0989e-03 1.9628e+03
93 -5.7334e-07 8.1809e-03 1.9832e+03
94 -5.7737e-07 8.3136e-03 2.0046e+03
95 -6.7785e-07 8.4133e-03 2.0262e+03
