00 4.8024e-07 4.4954e-03 2.1396e+01
01 3.1311e-07 4.8890e-03 4.2333e+01
02 2.4738e-07 5.0236e-03 6.3960e+01
03 3.9710e-07 4.7729e-03 8.3612e+01
04 2.8655e-07 5.1170e-03 1.0461e+02
05 1.4107e-07 5.3162e-03 1.2651e+02
06 3.4379e-07 5.0521e-03 1.4674e+02
07 3.1547e-07 5.0103e-03 1.6826e+02
08 4.0808e-07 4.9494e-03 1.8973e+02
09 5.1131e-07 4.7088e-03 2.0954e+02
10 4.6175e-07 4.7175e-03 2.3125e+02
11 2.4791e-07 5.4875e-03 2.5226e+02
12 5.1149e-07 4.8638e-03 2.7278e+02
13 3.1580e-07 5.3739e-03 2.9406e+02
14 2.5225e-07 5.5387e-03 3.1547e+02
15 3.0770e-07 5.4116e-03 3.3549e+02
16 3.7448e-07 5.2389e-03 3.5719e+02
17 2.8495e-07 5.6306e-03 3.7855e+02
18 4.6063e-07 5.2639e-03 3.9864e+02
19 4.7958e-07 5.2388e-03 4.2005e+02
20 3.4991e-07 5.5333e-03 4.4158e+02
21 1.8177e-07 5.8355e-03 4.6164e+02
22 2.6401e-07 5.6906e-03 4.8326e+02
23 3.7451e-07 5.6052e-03 5.0474e+02
24 3.4880e-07 5.8337e-03 5.2461e+02
25 1.0095e-07 6.2398e-03 5.4597e+02
26 2.5092e-07 5.8296e-03 5.6790e+02
27 2.1900e-07 6.1021e-03 5.8774e+02
28 2.4090e-07 5.9544e-03 6.0935e+02
29 2.3969e-07 6.0950e-03 6.3086e+02
30 5.7639e-07 5.6726e-03 6.5085e+02
31 1.8839e-07 6.3306e-03 6.7220e+02
32 2.4708e-07 6.0841e-03 6.9397e+02
33 3.5896e-07 5.9273e-03 7.1430e+02
34 1.8068e-07 6.4454e-03 7.3539e+02
35 2.1938e-07 6.3448e-03 7.5718e+02
36 1.3906e-07 6.6055e-03 7.7687e+02
37 6.1853e-08 6.6747e-03 7.9848e+02
38 6.5991e-08 6.9569e-03 8.1978e+02
39 -1.5799e-07 7.3486e-03 8.4002e+02
40 2.3390e-07 6.4940e-03 8.6186e+02
41 3.0836e-07 6.2430e-03 8.8377e+02
42 -1.2044e-07 7.3633e-03 9.0326e+02
43 -7.0701e-08 7.2815e-03 9.2495e+02
44 9.3676e-08 7.0590e-03 9.4601e+02
45 -1.9182e-07 7.5482e-03 9.6665e+02
46 -3.2566e-08 7.1378e-03 9.8870e+02
47 -3.8005e-07 8.4032e-03 1.0093e+03
48 3.7616e-08 7.2084e-03 1.0299e+03
49 -3.6136e-08 7.4846e-03 1.0514e+03
50 -9.0489e-08 7.6420e-03 1.0730e+03
51 3.2392e-08 7.3669e-03 1.0939e+03
52 -2.2861e-08 7.5654e-03 1.1148e+03
53 -1.9183e-07 7.9203e-03 1.1364e+03
54 -1.1893e-07 7.8440e-03 1.1563e+03
55 -1.8917e-07 7.9827e-03 1.1781e+03
56 -6.8175e-09 7.6952e-03 1.1997e+03
57 -2.4349e-07 8.0759e-03 1.2199e+03
58 -1.6954e-07 8.1089e-03 1.2413e+03
59 -1.0206e-07 7.9311e-03 1.2631e+03
60 -9.9641e-08 7.9929e-03 1.2829e+03
61 -4.8241e-08 7.8654e-03 1.3045e+03
62 -5.7462e-08 7.8014e-03 1.3265e+03
63 -1.6683e-07 8.1729e-03 1.3462e+03
64 -1.3405e-07 8.1083e-03 1.3678e+03
65 -2.9067e-07 8.4598e-03 1.3895e+03
66 -3.7112e-07 8.7164e-03 1.4091e+03
67 -2.9043e-07 8.5404e-03 1.4308e+03
68 -1.6114e-07 8.3084e-03 1.4526e+03
69 -3.8397e-07 8.8738e-03 1.4726e+03
70 -2.3032e-07 8.6395e-03 1.4941e+03
71 -3.6079e-07 8.9418e-03 1.5156e+03
72 -1.4004e-07 8.4848e-03 1.5356e+03
73 -3.5326e-07 8.9062e-03 1.5570e+03
74 -3.3171e-07 8.8474e-03 1.5787e+03
75 -1.9689e-07 8.8134e-03 1.5989e+03
76 -3.7275e-07 9.1744e-03 1.6203e+03
77 -2.4264e-07 8.9491e-03 1.6418e+03
78 -4.3210e-07 9.2616e-03 1.6615e+03
79 -3.6676e-07 9.1916e-03 1.6830e+03
80 -5.6024e-07 9.6766e-03 1.7044e+03
81 -3.2244e-07 9.3388e-03 1.7248e+03
82 -4.4376e-07 9.4188e-03 1.7462e+03
83 -3.6365e-07 9.3173e-03 1.7679e+03
84 -1.4037e-07 8.9628e-03 1.7877e+03
85 -5.6910e-07 9.7628e-03 1.8089e+03
86 -4.1682e-07 9.6789e-03 1.8304e+03
87 -4.4735e-07 9.7180e-03 1.8508e+03
88 -8.1673e-09 9.0913e-03 1.8722e+03
89 -5.7776e-07 1.0171e-02 1.8934e+03
90 2.5700e-08 8.9340e-03 1.9135e+03
91 -3.5457e-07 9.6916e-03 1.9349e+03
92 -4.9016e-07 9.9647e-03 1.9561e+03
93 -2.3848e-08 9.0554e-03 1.9766e+03
94 -3.9203e-09 9.2750e-03 1.9978e+03
95 -5.1226e-07 1.0228e-02 2.0191e+03
