00 8.1640e-07 4.0970e-03 6.3946e+00
01 6.9269e-07 4.3810e-03 2.7708e+01
02 6.6471e-07 4.5399e-03 4.9134e+01
03 6.6144e-07 4.4968e-03 6.8947e+01
04 7.1371e-07 4.3268e-03 9.0636e+01
05 7.1741e-07 4.4053e-03 1.1216e+02
06 6.5447e-07 4.5472e-03 1.3259e+02
07 7.4300e-07 4.4594e-03 1.5415e+02
08 5.8706e-07 4.8318e-03 1.7555e+02
09 6.7320e-07 4.5724e-03 1.9574e+02
10 5.5559e-07 4.8937e-03 2.1710e+02
11 6.9160e-07 4.7000e-03 2.3872e+02
12 6.4293e-07 4.7654e-03 2.5913e+02
13 6.6787e-07 4.7213e-03 2.8075e+02
14 7.1741e-07 4.7039e-03 3.0232e+02
15 7.4093e-07 4.5745e-03 3.2266e+02
16 4.7860e-07 5.1119e-03 3.4406e+02
17 6.2594e-07 4.9358e-03 3.6569e+02
18 4.6684e-07 5.1857e-03 3.8583e+02
19 7.2809e-07 4.7319e-03 4.0756e+02
20 5.9098e-07 5.0817e-03 4.2906e+02
21 5.6605e-07 5.0941e-03 4.4929e+02
22 4.2916e-07 5.4164e-03 4.7086e+02
23 5.5265e-07 5.1328e-03 4.9257e+02
24 4.2655e-07 5.3719e-03 5.1279e+02
25 5.8728e-07 5.0983e-03 5.3449e+02
26 3.9878e-07 5.5666e-03 5.5598e+02
27 5.0343e-07 5.3282e-03 5.7622e+02
28 4.5759e-07 5.4602e-03 5.9784e+02
29 3.5696e-07 5.6836e-03 6.1945e+02
30 3.8735e-07 5.5741e-03 6.3976e+02
31 3.7471e-07 5.6496e-03 6.6131e+02
32 3.9878e-07 5.6616e-03 6.8295e+02
33 2.3391e-07 6.0522e-03 7.0309e+02
34 2.3413e-07 6.0608e-03 7.2477e+02
35 3.3518e-07 5.8004e-03 7.4662e+02
36 3.4771e-07 5.8857e-03 7.6659e+02
37 2.0386e-07 6.1090e-03 7.8825e+02
38 1.4810e-07 6.2906e-03 8.0987e+02
39 1.2959e-07 6.3420e-03 8.3021e+02
40 1.1652e-07 6.3460e-03 8.5193e+02
41 8.9187e-08 6.4448e-03 8.7360e+02
42 1.0705e-07 6.4309e-03 8.9392e+02
43 6.5447e-08 6.5203e-03 9.1557e+02
44 -4.8132e-08 6.6276e-03 9.3717e+02
45 5.1073e-08 6.5225e-03 9.5771e+02
46 -5.0093e-08 6.8895e-03 9.7920e+02
47 -4.7915e-08 6.9258e-03 1.0009e+03
48 -4.7370e-08 6.8274e-03 1.0212e+03
49 3.7243e-08 6.7476e-03 1.0429e+03
50 -1.2273e-07 7.0626e-03 1.0645e+03
51 -1.0890e-09 7.0475e-03 1.0847e+03
52 -6.6645e-08 6.9731e-03 1.1065e+03
53 -7.0239e-08 7.0867e-03 1.1282e+03
54 -1.5191e-07 7.1945e-03 1.1485e+03
55 -1.3808e-07 7.2183e-03 1.1701e+03
56 -1.7478e-07 7.3814e-03 1.1917e+03
57 -2.2041e-07 7.3591e-03 1.2122e+03
58 -1.4298e-07 7.2487e-03 1.2339e+03
59 -2.2553e-07 7.4488e-03 1.2556e+03
60 -2.7845e-07 7.5884e-03 1.2757e+03
61 -3.9802e-07 7.8142e-03 1.2972e+03
62 -3.4194e-07 7.7699e-03 1.3189e+03
63 -3.7069e-07 7.8557e-03 1.3392e+03
64 -5.2989e-07 8.1398e-03 1.3608e+03
65 -3.6666e-07 7.8905e-03 1.3826e+03
66 -3.4194e-07 7.7699e-03 1.4029e+03
67 -4.4267e-07 8.0772e-03 1.4243e+03
68 -5.9251e-07 8.3784e-03 1.4458e+03
69 -4.0967e-07 7.9398e-03 1.4666e+03
70 -3.9769e-07 8.0194e-03 1.4881e+03
71 -5.9980e-07 8.5403e-03 1.5095e+03
72 -4.8209e-07 8.1712e-03 1.5298e+03
73 -7.4943e-07 8.8049e-03 1.5511e+03
74 -5.3850e-07 8.4266e-03 1.5728e+03
75 -4.9701e-07 8.2311e-03 1.5936e+03
76 -5.0202e-07 8.3409e-03 1.6151e+03
77 -6.0002e-07 8.7173e-03 1.6365e+03
78 -7.7132e-07 8.9106e-03 1.6565e+03
79 -5.8837e-07 8.5419e-03 1.6782e+03
80 -6.0928e-07 8.6479e-03 1.6997e+03
81 -7.6217e-07 8.9870e-03 1.7201e+03
82 -5.8750e-07 8.6216e-03 1.7418e+03
83 -7.8438e-07 9.0187e-03 1.7633e+03
84 -6.6765e-07 8.6855e-03 1.7835e+03
85 -7.3048e-07 8.9834e-03 1.8047e+03
86 -6.0002e-07 8.7173e-03 1.8265e+03
87 -7.5041e-07 9.0806e-03 1.8468e+03
88 -6.8605e-07 8.9199e-03 1.8684e+03
89 -8.1194e-07 9.2491e-03 1.8899e+03
90 -6.9890e-07 9.0683e-03 1.9097e+03
91 -8.1945e-07 9.2486e-03 1.9313e+03
92 -7.3211e-07 9.1926e-03 1.9527e+03
93 -8.6791e-07 9.4131e-03 1.9731e+03
94 -6.4282e-07 9.0285e-03 1.9947e+03
95 -8.4330e-07 9.4715e-03 2.0161e+03
