00 5.4993e-07 5.6067e-03 1.3715e+01
01 4.1435e-07 5.9579e-03 3.5015e+01
02 4.4180e-07 5.8159e-03 5.6769e+01
03 6.1941e-07 5.4875e-03 7.6544e+01
04 5.0594e-07 5.7235e-03 9.8029e+01
05 5.0975e-07 5.7814e-03 1.1959e+02
06 4.7022e-07 5.9457e-03 1.4001e+02
07 4.5976e-07 5.8087e-03 1.6181e+02
08 4.9875e-07 5.8106e-03 1.8330e+02
09 4.3885e-07 5.8875e-03 2.0329e+02
10 4.7555e-07 5.8873e-03 2.2479e+02
11 4.4920e-07 5.9185e-03 2.4646e+02
12 4.4278e-07 5.9881e-03 2.6677e+02
13 4.6259e-07 5.8346e-03 2.8858e+02
14 3.9018e-07 6.1611e-03 3.0996e+02
15 5.1476e-07 5.8571e-03 3.3029e+02
16 3.3322e-07 6.2523e-03 3.5175e+02
17 4.4125e-07 6.0048e-03 3.7354e+02
18 5.1062e-07 5.8565e-03 3.9379e+02
19 2.9217e-07 6.3746e-03 4.1517e+02
20 3.9018e-07 6.1611e-03 4.3696e+02
21 4.5573e-07 5.9911e-03 4.5726e+02
22 3.1831e-07 6.3846e-03 4.7871e+02
23 5.1835e-07 5.9245e-03 5.0057e+02
24 4.4386e-07 6.1126e-03 5.2078e+02
25 2.3456e-07 6.5305e-03 5.4225e+02
26 2.6560e-07 6.5147e-03 5.6393e+02
27 2.9500e-07 6.3914e-03 5.8419e+02
28 2.2030e-07 6.5664e-03 6.0578e+02
29 2.9685e-07 6.4578e-03 6.2751e+02
30 1.7315e-07 6.7056e-03 6.4768e+02
31 3.9497e-07 6.2146e-03 6.6952e+02
32 1.5387e-07 6.7608e-03 6.9101e+02
33 1.8828e-07 6.7403e-03 7.1124e+02
34 1.7761e-07 6.6852e-03 7.3303e+02
35 1.6759e-07 6.7735e-03 7.5468e+02
36 1.7641e-07 6.7849e-03 7.7478e+02
37 2.8585e-07 6.5639e-03 7.9656e+02
38 1.9514e-07 6.7739e-03 8.1819e+02
39 8.3088e-08 6.9730e-03 8.3850e+02
40 9.6918e-08 6.9064e-03 8.6027e+02
41 5.1944e-08 7.1044e-03 8.8186e+02
42 -2.3631e-08 7.1998e-03 9.0226e+02
43 2.9402e-09 7.1637e-03 9.2392e+02
44 1.2327e-07 6.7893e-03 9.4569e+02
45 -4.8024e-08 7.1183e-03 9.6616e+02
46 -2.3032e-07 7.6079e-03 9.8779e+02
47 1.6803e-19 7.1584e-03 1.0097e+03
48 -8.4013e-20 7.1584e-03 1.0297e+03
49 -5.0310e-08 7.3017e-03 1.0513e+03
50 -9.3760e-08 7.3972e-03 1.0730e+03
51 6.2616e-08 7.2818e-03 1.0935e+03
52 -9.0167e-08 7.4147e-03 1.1151e+03
53 -1.7424e-07 7.5681e-03 1.1368e+03
54 -1.3503e-07 7.4972e-03 1.1571e+03
55 -2.0473e-07 7.6801e-03 1.1788e+03
56 -8.6355e-08 7.4590e-03 1.2006e+03
57 -2.4970e-07 7.8012e-03 1.2208e+03
58 -1.8730e-07 7.6129e-03 1.2427e+03
59 -1.8153e-07 7.7165e-03 1.2643e+03
60 -1.5300e-07 7.5271e-03 1.2846e+03
61 -2.3043e-07 7.7506e-03 1.3062e+03
62 -2.4970e-07 7.8012e-03 1.3278e+03
63 -1.8534e-07 7.6451e-03 1.3483e+03
64 -2.7540e-07 7.8537e-03 1.3699e+03
65 -3.2626e-07 7.9687e-03 1.3916e+03
66 -3.0959e-07 7.9687e-03 1.4117e+03
67 -2.0015e-07 7.6662e-03 1.4335e+03
68 -3.6121e-07 8.1645e-03 1.4549e+03
69 -3.2626e-07 7.9687e-03 1.4756e+03
70 -2.4687e-07 7.8724e-03 1.4972e+03
71 -3.6219e-07 8.0511e-03 1.5189e+03
72 -4.9167e-07 8.3265e-03 1.5388e+03
73 -4.0967e-07 8.1027e-03 1.5606e+03
74 -3.0949e-07 8.0114e-03 1.5822e+03
75 -4.9907e-07 8.4683e-03 1.6025e+03
76 -5.9752e-07 8.6239e-03 1.6242e+03
77 -5.7465e-07 8.6316e-03 1.6458e+03
78 -4.2110e-07 8.2414e-03 1.6659e+03
79 -4.1381e-07 8.1971e-03 1.6875e+03
80 -6.2844e-07 8.8273e-03 1.7088e+03
81 -3.9312e-07 8.2228e-03 1.7296e+03
82 -4.9690e-07 8.4186e-03 1.7512e+03
83 -3.2996e-07 8.1256e-03 1.7729e+03
84 -3.8985e-07 8.2025e-03 1.7929e+03
85 -6.3977e-07 8.8278e-03 1.8141e+03
86 -5.7465e-07 8.6316e-03 1.8358e+03
87 -3.9606e-07 8.2265e-03 1.8566e+03
88 -5.8129e-07 8.7741e-03 1.8778e+03
89 -3.5805e-07 8.2734e-03 1.8996e+03
90 -5.0692e-07 8.5024e-03 1.9194e+03
91 -5.1182e-07 8.6369e-03 1.9408e+03
92 -4.7544e-07 8.4586e-03 1.9625e+03
93 -5.5897e-07 8.6901e-03 1.9828e+03
94 -6.2692e-07 8.8739e-03 2.0042e+03
95 -7.5162e-07 9.1247e-03 2.0257e+03
