00 3.7548e-07 5.7363e-03 1.5060e+01
01 5.3719e-07 5.5082e-03 3.6480e+01
02 3.3616e-07 5.9545e-03 5.7872e+01
03 4.7936e-07 5.6420e-03 7.7717e+01
04 5.1835e-07 5.5987e-03 9.9257e+01
05 3.7243e-07 5.9371e-03 1.2078e+02
06 4.0379e-07 5.8369e-03 1.4131e+02
07 3.8931e-07 5.9547e-03 1.6278e+02
08 4.9875e-07 5.8106e-03 1.8430e+02
09 5.7225e-07 5.5588e-03 2.0446e+02
10 3.7635e-07 5.9743e-03 2.2585e+02
11 5.0692e-07 5.7238e-03 2.4762e+02
12 4.7436e-07 5.7880e-03 2.6803e+02
13 4.6259e-07 5.8346e-03 2.8958e+02
14 4.0466e-07 6.0704e-03 3.1099e+02
15 3.6840e-07 6.0290e-03 3.3126e+02
16 2.9119e-07 6.3155e-03 3.5270e+02
17 4.4027e-07 5.9186e-03 3.7457e+02
18 3.4684e-07 6.1952e-03 3.9453e+02
19 4.5573e-07 5.9911e-03 4.1626e+02
20 3.6818e-07 6.2059e-03 4.3787e+02
21 3.3235e-07 6.3129e-03 4.5794e+02
22 3.4597e-07 6.2196e-03 4.7971e+02
23 2.9500e-07 6.3914e-03 5.0119e+02
24 3.5544e-07 6.2161e-03 5.2164e+02
25 3.6165e-07 6.2283e-03 5.4320e+02
26 3.4466e-07 6.3354e-03 5.6477e+02
27 3.4836e-07 6.3595e-03 5.8493e+02
28 2.7039e-07 6.4869e-03 6.0658e+02
29 3.4705e-07 6.4300e-03 6.2821e+02
30 2.8542e-07 6.4788e-03 6.4851e+02
31 1.3830e-07 6.8581e-03 6.6989e+02
32 2.1747e-07 6.6899e-03 6.9168e+02
33 1.2545e-07 6.9206e-03 7.1183e+02
34 2.3304e-07 6.6287e-03 7.3370e+02
35 9.0167e-08 7.0468e-03 7.5516e+02
36 2.2716e-07 6.6859e-03 7.7547e+02
37 1.9536e-07 6.8413e-03 7.9699e+02
38 1.5583e-07 6.9604e-03 8.1863e+02
39 8.5375e-08 7.0657e-03 8.3899e+02
40 4.7152e-08 7.1052e-03 8.6071e+02
41 1.2360e-07 7.0307e-03 8.8238e+02
42 -3.9203e-08 7.3198e-03 9.0265e+02
43 9.2345e-08 7.0695e-03 9.2441e+02
44 -8.3088e-08 7.3120e-03 9.4593e+02
45 3.8114e-08 7.0489e-03 9.6662e+02
46 -5.4122e-08 7.3751e-03 9.8822e+02
47 -1.2741e-08 7.3721e-03 1.0099e+03
48 -1.2741e-08 7.3721e-03 1.0299e+03
49 -6.5774e-08 7.4962e-03 1.0515e+03
50 -5.5646e-08 7.5275e-03 1.0732e+03
51 3.6916e-08 7.5333e-03 1.0936e+03
52 -1.1478e-07 7.6097e-03 1.1153e+03
53 -1.9373e-07 7.8681e-03 1.1369e+03
54 -1.3710e-07 7.7028e-03 1.1572e+03
55 -1.9373e-07 7.8681e-03 1.1789e+03
56 -9.1256e-08 7.6658e-03 1.2006e+03
57 -2.2792e-07 7.9695e-03 1.2209e+03
58 -1.1205e-07 7.7422e-03 1.2427e+03
59 -6.1962e-08 7.5857e-03 1.2645e+03
60 -1.5910e-07 7.7974e-03 1.2846e+03
61 -2.8607e-07 8.0338e-03 1.3062e+03
62 -1.7434e-07 7.9326e-03 1.3278e+03
63 -2.4589e-07 8.0537e-03 1.3481e+03
64 -1.5071e-07 7.8459e-03 1.3699e+03
65 -1.2382e-07 7.8929e-03 1.3915e+03
66 -2.1082e-07 7.9640e-03 1.4118e+03
67 -3.7951e-07 8.3737e-03 1.4332e+03
68 -3.3671e-07 8.2977e-03 1.4548e+03
69 -4.8252e-07 8.5748e-03 1.4752e+03
70 -5.4111e-07 8.7939e-03 1.4968e+03
71 -3.2342e-07 8.3702e-03 1.5186e+03
72 -2.7627e-07 8.1948e-03 1.5387e+03
73 -4.1228e-07 8.5288e-03 1.5602e+03
74 -4.2176e-07 8.5369e-03 1.5818e+03
75 -2.2890e-07 8.0552e-03 1.6026e+03
76 -2.4589e-07 8.1396e-03 1.6242e+03
77 -4.8426e-07 8.7911e-03 1.6454e+03
78 -4.3820e-07 8.6224e-03 1.6655e+03
79 -4.8514e-07 8.7385e-03 1.6870e+03
80 -4.9755e-07 8.8227e-03 1.7085e+03
81 -4.6249e-07 8.7331e-03 1.7291e+03
82 -3.3823e-07 8.4411e-03 1.7508e+03
83 -4.8383e-07 8.9078e-03 1.7721e+03
84 -4.3668e-07 8.6963e-03 1.7923e+03
85 -4.0107e-07 8.6802e-03 1.8138e+03
86 -6.1178e-07 9.1259e-03 1.8352e+03
87 -4.3450e-07 8.8321e-03 1.8558e+03
88 -6.1766e-07 9.2193e-03 1.8772e+03
89 -5.5755e-07 9.1148e-03 1.8988e+03
90 -3.9105e-07 8.7140e-03 1.9188e+03
91 -5.9534e-07 9.2122e-03 1.9401e+03
92 -3.8713e-07 8.8011e-03 1.9617e+03
93 -4.6543e-07 8.9630e-03 1.9821e+03
94 -4.3439e-07 8.9337e-03 2.0036e+03
95 -7.4831e-07 9.4360e-03 2.0251e+03
