00 1.0122e-06 3.8987e-04 1.8650e+00
01 7.5629e-07 9.7527e-04 2.3133e+01
02 8.9600e-07 6.6536e-04 4.4824e+01
03 9.3292e-07 5.1992e-04 6.4803e+01
04 6.9073e-07 1.1000e-03 8.6116e+01
05 8.7226e-07 6.8664e-04 1.0785e+02
06 7.7491e-07 9.3502e-04 1.2809e+02
07 8.4863e-07 6.9639e-04 1.4986e+02
08 6.8311e-07 1.0522e-03 1.7127e+02
09 1.0038e-06 2.1014e-04 1.9184e+02
10 6.7549e-07 1.0768e-03 2.1295e+02
11 8.9481e-07 5.7505e-04 2.3482e+02
12 6.6438e-07 1.0677e-03 2.5485e+02
13 8.6236e-07 5.1455e-04 2.7679e+02
14 6.8322e-07 1.0225e-03 2.9815e+02
15 8.6236e-07 5.1455e-04 3.1879e+02
16 6.1429e-07 1.1654e-03 3.4004e+02
17 7.3124e-07 8.8157e-04 3.6181e+02
18 6.4489e-07 1.0283e-03 3.8182e+02
19 8.1052e-07 6.1577e-04 4.0366e+02
20 5.7650e-07 1.2493e-03 4.2497e+02
21 8.2620e-07 5.1591e-04 4.4580e+02
22 5.4601e-07 1.2617e-03 4.6703e+02
23 5.1149e-07 1.2439e-03 4.8877e+02
24 4.5660e-07 1.3604e-03 5.0884e+02
25 7.5814e-07 6.6154e-04 5.3078e+02
26 4.7425e-07 1.4013e-03 5.5207e+02
27 6.5055e-07 8.6292e-04 5.7277e+02
28 4.1250e-07 1.4798e-03 5.9413e+02
29 2.9696e-07 1.6861e-03 6.1575e+02
30 3.9900e-07 1.4530e-03 6.3593e+02
31 5.5374e-07 1.0808e-03 6.5778e+02
32 3.9617e-07 1.4226e-03 6.7933e+02
33 4.0597e-07 1.4162e-03 6.9974e+02
34 5.7726e-07 9.6492e-04 7.2174e+02
35 1.3318e-07 1.9885e-03 7.4294e+02
36 2.5210e-07 1.7142e-03 7.6300e+02
37 3.5490e-07 1.5090e-03 7.8475e+02
38 3.4215e-07 1.4785e-03 8.0657e+02
39 5.8695e-08 2.0590e-03 8.2686e+02
40 2.8259e-07 1.5887e-03 8.4875e+02
41 2.5482e-07 1.6069e-03 8.7054e+02
42 3.3704e-07 1.4459e-03 8.9074e+02
43 6.4576e-08 1.9791e-03 9.1223e+02
44 1.1380e-07 1.7520e-03 9.3402e+02
45 6.6645e-08 1.8912e-03 9.5492e+02
46 2.6375e-07 1.5479e-03 9.7672e+02
47 5.9022e-08 1.9203e-03 9.9835e+02
48 2.2542e-07 1.6261e-03 1.0188e+03
49 5.9131e-08 1.8726e-03 1.0405e+03
50 -1.1325e-07 2.3306e-03 1.0620e+03
51 -4.9766e-08 2.4070e-03 1.0817e+03
52 3.9965e-08 1.9705e-03 1.1037e+03
53 -5.9131e-08 2.1138e-03 1.1255e+03
54 -1.8512e-09 1.9517e-03 1.1457e+03
55 -2.0091e-07 2.3895e-03 1.1672e+03
56 -1.1380e-07 2.3023e-03 1.1888e+03
57 -1.5736e-07 2.2373e-03 1.2096e+03
58 -2.7137e-07 2.5355e-03 1.2312e+03
59 -1.4407e-07 2.3550e-03 1.2529e+03
60 -2.4469e-07 2.5286e-03 1.2729e+03
61 -2.7518e-07 2.3917e-03 1.2947e+03
62 -2.7061e-07 2.4864e-03 1.3163e+03
63 -2.2084e-07 2.4324e-03 1.3368e+03
64 -4.2143e-07 2.6697e-03 1.3586e+03
65 -3.7265e-07 2.7466e-03 1.3801e+03
66 -3.6589e-07 2.7012e-03 1.4002e+03
67 -3.5947e-07 2.6179e-03 1.4219e+03
68 -4.2143e-07 2.6697e-03 1.4436e+03
69 -3.6589e-07 2.7012e-03 1.4642e+03
70 -4.6935e-07 2.8308e-03 1.4858e+03
71 -5.1552e-07 2.8345e-03 1.5076e+03
72 -4.2263e-07 2.7242e-03 1.5274e+03
73 -5.1160e-07 2.9079e-03 1.5489e+03
74 -6.0078e-07 2.9745e-03 1.5706e+03
75 -5.1672e-07 2.8980e-03 1.5914e+03
76 -4.8013e-07 2.8188e-03 1.6130e+03
77 -7.8417e-07 3.3033e-03 1.6346e+03
78 -4.8546e-07 2.8093e-03 1.6545e+03
79 -8.0551e-07 3.3333e-03 1.6759e+03
80 -6.2442e-07 3.0611e-03 1.6975e+03
81 -5.0071e-07 2.8812e-03 1.7183e+03
82 -1.0250e-06 3.6952e-03 1.7397e+03
83 -5.7454e-07 2.9413e-03 1.7616e+03
84 -4.9396e-07 2.8357e-03 1.7813e+03
85 -1.0155e-06 3.7163e-03 1.8027e+03
86 -5.6648e-07 2.9520e-03 1.8245e+03
87 -5.6060e-07 2.9536e-03 1.8452e+03
88 -8.4395e-07 3.3732e-03 1.8667e+03
89 -5.6626e-07 3.0059e-03 1.8883e+03
90 -1.1268e-06 3.8800e-03 1.9077e+03
91 -5.3022e-07 2.8305e-03 1.9296e+03
92 -1.1636e-06 3.8510e-03 1.9509e+03
93 -7.2514e-07 3.1693e-03 1.9717e+03
94 -6.4282e-07 3.0376e-03 1.9932e+03
95 -9.5666e-07 3.6552e-03 2.0146e+03
