00 2.9304e-07 5.1737e-03 1.7846e+01
01 3.8811e-07 4.9232e-03 3.9087e+01
02 4.1174e-07 4.9858e-03 6.0657e+01
03 4.8622e-07 4.8113e-03 8.0438e+01
04 5.1530e-07 4.7361e-03 1.0183e+02
05 3.9780e-07 5.0957e-03 1.2329e+02
06 1.8676e-07 5.6756e-03 1.4364e+02
07 3.9094e-07 5.1753e-03 1.6522e+02
08 3.5751e-07 5.2684e-03 1.8662e+02
09 5.5047e-07 4.8114e-03 2.0674e+02
10 3.2223e-07 5.4264e-03 2.2804e+02
11 4.9777e-07 5.0999e-03 2.4968e+02
12 3.4292e-07 6.0448e-03 2.6975e+02
13 4.6967e-07 5.3563e-03 2.9145e+02
14 3.9105e-07 5.3538e-03 3.1300e+02
15 3.7058e-07 5.4409e-03 3.3307e+02
16 3.9780e-07 5.4396e-03 3.5464e+02
17 5.0615e-07 5.2661e-03 3.7624e+02
18 8.3088e-08 6.4753e-03 3.9606e+02
19 2.8640e-08 6.5140e-03 4.1759e+02
20 2.9816e-07 5.6949e-03 4.3946e+02
21 4.5388e-07 5.3999e-03 4.5965e+02
22 3.9889e-07 5.6320e-03 4.8106e+02
23 3.7330e-07 5.7000e-03 5.0265e+02
24 -3.7678e-08 7.2624e-03 5.2263e+02
25 -6.8605e-09 6.7991e-03 5.4402e+02
26 2.5482e-07 6.1363e-03 5.6574e+02
27 2.5286e-07 6.0588e-03 5.8600e+02
28 3.3214e-07 5.9469e-03 6.0757e+02
29 2.6941e-07 6.0386e-03 6.2927e+02
30 -2.6723e-07 8.0972e-03 6.4876e+02
31 -2.1311e-07 7.3963e-03 6.7044e+02
32 2.7823e-07 6.1179e-03 6.9253e+02
33 1.8698e-07 6.3629e-03 7.1268e+02
34 1.8687e-07 6.4106e-03 7.3420e+02
35 2.8727e-07 6.2556e-03 7.5595e+02
36 -7.3397e-08 7.6339e-03 7.7557e+02
37 9.8225e-08 6.8132e-03 7.9737e+02
38 1.7369e-07 6.5574e-03 8.1905e+02
39 3.0491e-09 6.8897e-03 8.3928e+02
40 1.0421e-07 6.7037e-03 8.6102e+02
41 1.3536e-07 6.6945e-03 8.8265e+02
42 -1.4854e-07 7.9953e-03 9.0248e+02
43 1.8839e-07 6.7379e-03 9.2449e+02
44 1.6335e-09 7.0080e-03 9.4573e+02
45 -6.6645e-08 7.1676e-03 9.6631e+02
46 -8.3088e-08 7.3120e-03 9.8793e+02
47 1.6803e-19 7.1584e-03 1.0097e+03
48 -8.4013e-20 7.1584e-03 1.0297e+03
49 -5.4122e-08 7.3751e-03 1.0512e+03
50 2.5482e-08 7.2331e-03 1.0729e+03
51 -2.4720e-08 7.4102e-03 1.0934e+03
52 -1.0901e-07 7.4780e-03 1.1148e+03
53 -8.7335e-08 7.5266e-03 1.1364e+03
54 -1.0302e-07 7.5631e-03 1.1565e+03
55 -1.3579e-07 7.6186e-03 1.1783e+03
56 7.3505e-08 7.3048e-03 1.1999e+03
57 1.1979e-07 7.6651e-03 1.2201e+03
58 -2.8945e-07 8.2918e-03 1.2416e+03
59 -1.8055e-07 7.9023e-03 1.2634e+03
60 -1.1565e-07 8.0504e-03 1.2834e+03
61 -4.4278e-07 8.7087e-03 1.3047e+03
62 -1.7554e-07 7.9554e-03 1.3266e+03
63 -6.9694e-08 8.3413e-03 1.3467e+03
64 1.9710e-07 7.6975e-03 1.3686e+03
65 -3.3061e-07 8.4392e-03 1.3899e+03
66 -5.5178e-07 9.2727e-03 1.4099e+03
67 -3.3279e-07 9.0680e-03 1.4315e+03
68 -4.0259e-07 8.6561e-03 1.4531e+03
69 -5.9175e-07 9.7501e-03 1.4734e+03
70 -6.0623e-07 9.6507e-03 1.4948e+03
71 -4.0107e-07 8.6802e-03 1.5168e+03
72 -2.5917e-07 8.6826e-03 1.5367e+03
73 -7.1622e-07 1.0255e-02 1.5577e+03
74 -3.8713e-07 8.8011e-03 1.5797e+03
75 -6.4064e-07 9.9924e-03 1.6001e+03
76 -5.4710e-07 9.9441e-03 1.6214e+03
77 -2.6495e-07 8.6016e-03 1.6435e+03
78 -7.6609e-07 1.0208e-02 1.6627e+03
79 -7.3527e-07 1.0301e-02 1.6844e+03
80 -4.8296e-07 9.1775e-03 1.7061e+03
81 -5.9011e-07 9.9934e-03 1.7264e+03
82 -2.5569e-07 9.3723e-03 1.7480e+03
83 -3.9007e-07 8.9948e-03 1.7697e+03
84 -7.6663e-07 1.0501e-02 1.7893e+03
85 -5.5265e-07 1.0093e-02 1.8107e+03
86 -5.1857e-07 9.3565e-03 1.8325e+03
87 -2.3881e-07 9.4894e-03 1.8529e+03
88 -8.6617e-07 1.0943e-02 1.8740e+03
89 -6.5698e-07 9.7995e-03 1.8957e+03
90 -1.0423e-06 1.1432e-02 1.9152e+03
91 -3.9127e-07 9.9950e-03 1.9370e+03
92 -2.3032e-07 8.9925e-03 1.9587e+03
93 -8.9426e-07 1.1245e-02 1.9783e+03
94 -5.1824e-07 1.0444e-02 2.0000e+03
95 -5.4159e-07 9.6645e-03 2.0218e+03
